NUMBER; DRIVER_NUMBER; LAP_NUMBER; LAP_TIME; LAP_IMPROVEMENT; CROSSING_FINISH_LINE_IN_PIT; S1; S1_IMPROVEMENT; S2; S2_IMPROVEMENT; S3; S3_IMPROVEMENT; KPH; ELAPSED; HOUR;S1_LARGE;S2_LARGE;S3_LARGE;TOP_SPEED;DRIVER_NAME;PIT_TIME;CLASS;GROUP;TEAM;MANUFACTURER;FLAG_AT_FL;
01;2;1;56:32.076;0;;55:14.218;0;39.973;0;37.885;0;5.8;56:32.076;14:16:32.076;55:14.218;0:39.973;0:37.885;;Sebastien Bourdais;0:54:53.736;DPi;;Cadillac Racing;Cadillac;GF;
01;2;2;1:32.068;0;;21.683;0;34.644;0;35.741;0;214.0;58:04.144;14:18:04.144;0:21.683;0:34.644;0:35.741;;Sebastien Bourdais;;DPi;;Cadillac Racing;Cadillac;GF;
01;2;3;1:30.069;0;;21.303;0;33.521;0;35.245;2;218.7;59:34.213;14:19:34.213;0:21.303;0:33.521;0:35.245;;Sebastien Bourdais;;DPi;;Cadillac Racing;Cadillac;GF;
01;2;4;1:30.048;2;;21.245;2;33.466;2;35.337;0;218.8;1:01:04.261;14:21:04.261;0:21.245;0:33.466;0:35.337;;Sebastien Bourdais;;DPi;;Cadillac Racing;Cadillac;GF;
01;2;5;1:37.864;0;;24.521;0;37.721;0;35.622;0;201.3;1:02:42.125;14:22:42.125;0:24.521;0:37.721;0:35.622;;Sebastien Bourdais;;DPi;;Cadillac Racing;Cadillac;GF;
01;2;6;1:50.908;0;B;21.324;0;35.452;0;54.132;0;177.6;1:04:33.033;14:24:33.033;0:21.324;0:35.452;0:54.132;;Sebastien Bourdais;;DPi;;Cadillac Racing;Cadillac;GF;
02;1;1;52:03.258;0;;50:37.912;0;43.820;0;41.526;0;6.3;52:03.258;14:12:03.258;50:37.912;0:43.820;0:41.526;;Earl Bamber;0:50:10.260;DPi;;Cadillac Racing;Cadillac;GF;
02;1;2;1:36.721;0;;22.461;0;36.722;0;37.538;0;203.7;53:39.979;14:13:39.979;0:22.461;0:36.722;0:37.538;;Earl Bamber;;DPi;;Cadillac Racing;Cadillac;GF;
02;1;3;1:36.995;0;;22.504;0;36.178;0;38.313;0;203.1;55:16.974;14:15:16.974;0:22.504;0:36.178;0:38.313;;Earl Bamber;;DPi;;Cadillac Racing;Cadillac;GF;
02;1;4;1:31.469;0;;21.509;0;34.416;0;35.544;0;215.4;56:48.443;14:16:48.443;0:21.509;0:34.416;0:35.544;;Earl Bamber;;DPi;;Cadillac Racing;Cadillac;GF;
02;1;5;1:30.242;2;;21.359;0;33.536;2;35.347;2;218.3;58:18.685;14:18:18.685;0:21.359;0:33.536;0:35.347;;Earl Bamber;;DPi;;Cadillac Racing;Cadillac;GF;
02;1;6;1:34.851;0;;21.347;0;35.940;0;37.564;0;207.7;59:53.536;14:19:53.536;0:21.347;0:35.940;0:37.564;;Earl Bamber;;DPi;;Cadillac Racing;Cadillac;GF;
02;1;7;1:30.393;0;;21.295;2;33.747;0;35.351;0;217.9;1:01:23.929;14:21:23.929;0:21.295;0:33.747;0:35.351;;Earl Bamber;;DPi;;Cadillac Racing;Cadillac;GF;
02;1;8;2:00.272;0;B;21.431;0;41.239;0;57.602;0;163.8;1:03:24.201;14:23:24.201;0:21.431;0:41.239;0:57.602;;Earl Bamber;;DPi;;Cadillac Racing;Cadillac;GF;
1;2;1;3:11.870;0;;1:34.485;0;48.491;0;48.894;0;102.7;3:11.870;13:23:11.870;1:34.485;0:48.491;0:48.894;;Madison Snow;0:01:08.011;GTD;;Paul Miller Racing;BMW;GF;
1;2;2;1:53.326;0;;26.381;0;44.534;0;42.411;0;173.8;5:05.196;13:25:05.196;0:26.381;0:44.534;0:42.411;;Madison Snow;;GTD;;Paul Miller Racing;BMW;GF;
1;2;3;1:47.624;0;;24.905;0;40.865;0;41.854;0;183.0;6:52.820;13:26:52.820;0:24.905;0:40.865;0:41.854;;Madison Snow;;GTD;;Paul Miller Racing;BMW;GF;
1;2;4;1:45.685;0;;24.623;0;39.796;0;41.266;2;186.4;8:38.505;13:28:38.505;0:24.623;0:39.796;0:41.266;;Madison Snow;;GTD;;Paul Miller Racing;BMW;GF;
1;2;5;1:45.650;0;;24.549;0;39.714;2;41.387;0;186.4;10:24.155;13:30:24.155;0:24.549;0:39.714;0:41.387;;Madison Snow;;GTD;;Paul Miller Racing;BMW;GF;
1;2;6;1:45.683;0;;24.587;0;39.813;0;41.283;0;186.4;12:09.838;13:32:09.838;0:24.587;0:39.813;0:41.283;;Madison Snow;;GTD;;Paul Miller Racing;BMW;GF;
1;2;7;1:54.216;0;;26.822;0;45.549;0;41.845;0;172.5;14:04.054;13:34:04.054;0:26.822;0:45.549;0:41.845;;Madison Snow;;GTD;;Paul Miller Racing;BMW;GF;
1;2;8;1:45.634;2;;24.535;2;39.830;0;41.269;0;186.5;15:49.688;13:35:49.688;0:24.535;0:39.830;0:41.269;;Madison Snow;;GTD;;Paul Miller Racing;BMW;GF;
1;2;9;2:18.803;0;B;25.981;0;47.007;0;1:05.815;0;141.9;18:08.491;13:38:08.491;0:25.981;0:47.007;1:05.815;;Madison Snow;;GTD;;Paul Miller Racing;BMW;GF;
10;2;1;51:49.634;0;;50:32.324;0;39.113;0;38.197;0;6.3;51:49.634;14:11:49.634;50:32.324;0:39.113;0:38.197;;Filipe Albuquerque;0:50:08.678;DPi;;Konica Minolta Acura ARX-05;Acura;GF;
10;2;2;1:37.975;0;;21.970;0;35.784;0;40.221;0;201.1;53:27.609;14:13:27.609;0:21.970;0:35.784;0:40.221;;Filipe Albuquerque;;DPi;;Konica Minolta Acura ARX-05;Acura;GF;
10;2;3;1:30.029;0;;21.384;0;33.595;0;35.050;0;218.8;54:57.638;14:14:57.638;0:21.384;0:33.595;0:35.050;;Filipe Albuquerque;;DPi;;Konica Minolta Acura ARX-05;Acura;GF;
10;2;4;1:29.744;2;;21.253;0;33.454;2;35.037;2;219.5;56:27.382;14:16:27.382;0:21.253;0:33.454;0:35.037;;Filipe Albuquerque;;DPi;;Konica Minolta Acura ARX-05;Acura;GF;
10;2;5;1:33.224;0;;21.413;0;34.547;0;37.264;0;211.3;58:00.606;14:18:00.606;0:21.413;0:34.547;0:37.264;;Filipe Albuquerque;;DPi;;Konica Minolta Acura ARX-05;Acura;GF;
10;2;6;1:30.904;0;;21.241;0;33.756;0;35.907;0;216.7;59:31.510;14:19:31.510;0:21.241;0:33.756;0:35.907;;Filipe Albuquerque;;DPi;;Konica Minolta Acura ARX-05;Acura;GF;
10;2;7;1:51.532;0;B;21.202;3;33.681;0;56.649;0;176.6;1:01:23.042;14:21:23.042;0:21.202;0:33.681;0:56.649;;Filipe Albuquerque;;DPi;;Konica Minolta Acura ARX-05;Acura;GF;
11;1;1;52:08.496;0;;50:42.538;0;44.192;0;41.766;0;6.3;52:08.496;14:12:08.496;50:42.538;0:44.192;0:41.766;;Steven Thomas;0:50:14.361;LMP2;;PR1 Mathiasen Motorsports;ORECA;GF;
11;1;2;1:36.414;0;;22.553;0;36.506;0;37.355;0;204.3;53:44.910;14:13:44.910;0:22.553;0:36.506;0:37.355;;Steven Thomas;;LMP2;;PR1 Mathiasen Motorsports;ORECA;GF;
11;1;3;1:34.829;0;;22.541;0;35.433;0;36.855;0;207.7;55:19.739;14:15:19.739;0:22.541;0:35.433;0:36.855;;Steven Thomas;;LMP2;;PR1 Mathiasen Motorsports;ORECA;GF;
11;1;4;1:34.227;0;;22.249;0;35.041;0;36.937;0;209.1;56:53.966;14:16:53.966;0:22.249;0:35.041;0:36.937;;Steven Thomas;;LMP2;;PR1 Mathiasen Motorsports;ORECA;GF;
11;1;5;1:37.978;0;;22.043;2;36.828;0;39.107;0;201.0;58:31.944;14:18:31.944;0:22.043;0:36.828;0:39.107;;Steven Thomas;;LMP2;;PR1 Mathiasen Motorsports;ORECA;GF;
11;1;6;1:34.100;0;;22.205;0;35.196;0;36.699;2;209.3;1:00:06.044;14:20:06.044;0:22.205;0:35.196;0:36.699;;Steven Thomas;;LMP2;;PR1 Mathiasen Motorsports;ORECA;GF;
11;1;7;1:34.378;0;;22.371;0;35.126;0;36.881;0;208.7;1:01:40.422;14:21:40.422;0:22.371;0:35.126;0:36.881;;Steven Thomas;;LMP2;;PR1 Mathiasen Motorsports;ORECA;GF;
11;1;8;1:33.931;2;;22.254;0;34.972;2;36.705;0;209.7;1:03:14.353;14:23:14.353;0:22.254;0:34.972;0:36.705;;Steven Thomas;;LMP2;;PR1 Mathiasen Motorsports;ORECA;GF;
11;1;9;1:34.281;0;;22.467;0;35.004;0;36.810;0;208.9;1:04:48.634;14:24:48.634;0:22.467;0:35.004;0:36.810;;Steven Thomas;;LMP2;;PR1 Mathiasen Motorsports;ORECA;GF;
11;1;10;1:34.419;0;;22.351;0;35.115;0;36.953;0;208.6;1:06:23.053;14:26:23.053;0:22.351;0:35.115;0:36.953;;Steven Thomas;;LMP2;;PR1 Mathiasen Motorsports;ORECA;FF;
12;3;1;5:53.547;0;;4:10.403;0;50.120;0;53.024;0;55.7;5:53.547;13:25:53.547;4:10.403;0:50.120;0:53.024;;Richard Heistand;0:03:42.618;GTD;;VasserSullivan;Lexus;GF;
12;3;2;1:51.213;0;;26.077;0;43.094;0;42.042;0;177.1;7:44.760;13:27:44.760;0:26.077;0:43.094;0:42.042;;Richard Heistand;;GTD;;VasserSullivan;Lexus;GF;
12;3;3;1:45.806;0;;24.975;0;39.647;0;41.184;0;186.2;9:30.566;13:29:30.566;0:24.975;0:39.647;0:41.184;;Richard Heistand;;GTD;;VasserSullivan;Lexus;GF;
12;3;4;1:45.417;2;;24.786;0;39.562;2;41.069;2;186.9;11:15.983;13:31:15.983;0:24.786;0:39.562;0:41.069;;Richard Heistand;;GTD;;VasserSullivan;Lexus;GF;
12;3;5;1:45.838;0;;24.776;2;39.583;0;41.479;0;186.1;13:01.821;13:33:01.821;0:24.776;0:39.583;0:41.479;;Richard Heistand;;GTD;;VasserSullivan;Lexus;GF;
12;3;6;1:52.912;0;;26.330;0;42.370;0;44.212;0;174.5;14:54.733;13:34:54.733;0:26.330;0:42.370;0:44.212;;Richard Heistand;;GTD;;VasserSullivan;Lexus;GF;
12;3;7;2:05.597;0;B;24.844;0;39.975;0;1:00.778;0;156.8;17:00.330;13:37:00.330;0:24.844;0:39.975;1:00.778;;Richard Heistand;;GTD;;VasserSullivan;Lexus;GF;
13;1;1;27:19.761;0;;25:53.588;0;44.154;0;42.019;0;12.0;27:19.761;13:47:19.761;25:53.588;0:44.154;0:42.019;;Orey Fidani;0:25:27.704;LMP3;;AWA;Duqueine;GF;
13;1;2;1:46.015;0;;25.050;0;40.247;0;40.718;0;185.8;29:05.776;13:49:05.776;0:25.050;0:40.247;0:40.718;;Orey Fidani;;LMP3;;AWA;Duqueine;GF;
13;1;3;1:43.766;0;;24.121;0;39.374;0;40.271;0;189.8;30:49.542;13:50:49.542;0:24.121;0:39.374;0:40.271;;Orey Fidani;;LMP3;;AWA;Duqueine;GF;
13;1;4;1:43.260;0;;23.997;0;39.128;0;40.135;0;190.8;32:32.802;13:52:32.802;0:23.997;0:39.128;0:40.135;;Orey Fidani;;LMP3;;AWA;Duqueine;GF;
13;1;5;1:42.886;2;;23.888;2;38.897;2;40.101;2;191.5;34:15.688;13:54:15.688;0:23.888;0:38.897;0:40.101;;Orey Fidani;;LMP3;;AWA;Duqueine;GF;
13;1;6;6:01.650;0;B;23.941;0;39.439;0;4:58.270;0;54.5;40:17.338;14:00:17.338;0:23.941;0:39.439;4:58.270;;Orey Fidani;;LMP3;;AWA;Duqueine;RF;
14;2;1;5:21.334;0;;3:46.485;0;49.517;0;45.332;0;61.3;5:21.334;13:25:21.334;3:46.485;0:49.517;0:45.332;;Ben Barnicoat;0:03:21.104;GTDPRO;;VasserSullivan;Lexus;GF;
14;2;2;1:51.800;0;;26.056;0;43.132;0;42.612;0;176.2;7:13.134;13:27:13.134;0:26.056;0:43.132;0:42.612;;Ben Barnicoat;;GTDPRO;;VasserSullivan;Lexus;GF;
14;2;3;1:45.220;0;;24.630;0;39.571;0;41.019;0;187.2;8:58.354;13:28:58.354;0:24.630;0:39.571;0:41.019;;Ben Barnicoat;;GTDPRO;;VasserSullivan;Lexus;GF;
14;2;4;1:45.215;2;;24.603;0;39.607;0;41.005;2;187.2;10:43.569;13:30:43.569;0:24.603;0:39.607;0:41.005;;Ben Barnicoat;;GTDPRO;;VasserSullivan;Lexus;GF;
14;2;5;1:51.604;0;;25.463;0;43.192;0;42.949;0;176.5;12:35.173;13:32:35.173;0:25.463;0:43.192;0:42.949;;Ben Barnicoat;;GTDPRO;;VasserSullivan;Lexus;GF;
14;2;6;1:45.276;0;;24.584;2;39.539;2;41.153;0;187.1;14:20.449;13:34:20.449;0:24.584;0:39.539;0:41.153;;Ben Barnicoat;;GTDPRO;;VasserSullivan;Lexus;GF;
14;2;7;2:09.056;0;B;24.719;0;40.377;0;1:03.960;0;152.6;16:29.505;13:36:29.505;0:24.719;0:40.377;1:03.960;;Ben Barnicoat;;GTDPRO;;VasserSullivan;Lexus;GF;
16;2;1;3:23.532;0;;1:53.547;0;46.289;0;43.696;0;96.8;3:23.532;13:23:23.532;1:53.547;0:46.289;0:43.696;;Zacharie Robichon;0:01:28.385;GTD;;Wright Motorsports;Porsche;GF;
16;2;2;1:51.797;0;;25.675;0;41.815;0;44.307;0;176.2;5:15.329;13:25:15.329;0:25.675;0:41.815;0:44.307;;Zacharie Robichon;;GTD;;Wright Motorsports;Porsche;GF;
16;2;3;1:46.637;0;;24.942;0;40.261;0;41.434;0;184.7;7:01.966;13:27:01.966;0:24.942;0:40.261;0:41.434;;Zacharie Robichon;;GTD;;Wright Motorsports;Porsche;GF;
16;2;4;1:45.762;2;;24.729;2;39.879;2;41.154;2;186.3;8:47.728;13:28:47.728;0:24.729;0:39.879;0:41.154;;Zacharie Robichon;;GTD;;Wright Motorsports;Porsche;GF;
16;2;5;1:49.893;0;;24.740;0;39.919;0;45.234;0;179.3;10:37.621;13:30:37.621;0:24.740;0:39.919;0:45.234;;Zacharie Robichon;;GTD;;Wright Motorsports;Porsche;GF;
16;2;6;2:00.635;0;B;24.833;0;39.879;0;55.923;0;163.3;12:38.256;13:32:38.256;0:24.833;0:39.879;0:55.923;;Zacharie Robichon;;GTD;;Wright Motorsports;Porsche;GF;
18;1;1;52:31.535;0;;51:01.560;0;44.675;0;45.300;0;6.3;52:31.535;14:12:31.535;51:01.560;0:44.675;0:45.300;;Dwight Merriman;0:50:34.418;LMP2;;Era Motorsport;ORECA;GF;
18;1;2;1:45.175;0;;24.982;0;39.710;0;40.483;0;187.3;54:16.710;14:14:16.710;0:24.982;0:39.710;0:40.483;;Dwight Merriman;;LMP2;;Era Motorsport;ORECA;GF;
18;1;3;1:40.424;0;;23.323;0;38.408;0;38.693;0;196.2;55:57.134;14:15:57.134;0:23.323;0:38.408;0:38.693;;Dwight Merriman;;LMP2;;Era Motorsport;ORECA;GF;
18;1;4;1:39.919;0;;23.267;0;37.828;0;38.824;0;197.1;57:37.053;14:17:37.053;0:23.267;0:37.828;0:38.824;;Dwight Merriman;;LMP2;;Era Motorsport;ORECA;GF;
18;1;5;1:39.039;0;;22.837;0;37.385;0;38.817;0;198.9;59:16.092;14:19:16.092;0:22.837;0:37.385;0:38.817;;Dwight Merriman;;LMP2;;Era Motorsport;ORECA;GF;
18;1;6;1:40.290;0;;23.181;0;37.615;0;39.494;0;196.4;1:00:56.382;14:20:56.382;0:23.181;0:37.615;0:39.494;;Dwight Merriman;;LMP2;;Era Motorsport;ORECA;GF;
18;1;7;1:40.422;0;;23.810;0;37.992;0;38.620;0;196.2;1:02:36.804;14:22:36.804;0:23.810;0:37.992;0:38.620;;Dwight Merriman;;LMP2;;Era Motorsport;ORECA;GF;
18;1;8;1:38.060;0;;22.673;2;37.207;0;38.180;0;200.9;1:04:14.864;14:24:14.864;0:22.673;0:37.207;0:38.180;;Dwight Merriman;;LMP2;;Era Motorsport;ORECA;GF;
18;1;9;1:37.658;2;;22.813;0;36.720;2;38.125;2;201.7;1:05:52.522;14:25:52.522;0:22.813;0:36.720;0:38.125;;Dwight Merriman;;LMP2;;Era Motorsport;ORECA;FF;
20;1;1;52:15.134;0;;50:43.655;0;45.052;0;46.427;0;6.3;52:15.134;14:12:15.134;50:43.655;0:45.052;0:46.427;;Dennis Andersen;0:50:18.332;LMP2;;High Class Racing;ORECA;GF;
20;1;2;1:38.639;0;;23.282;0;37.184;0;38.173;0;199.7;53:53.773;14:13:53.773;0:23.282;0:37.184;0:38.173;;Dennis Andersen;;LMP2;;High Class Racing;ORECA;GF;
20;1;3;1:37.478;0;;22.617;0;37.014;0;37.847;0;202.1;55:31.251;14:15:31.251;0:22.617;0:37.014;0:37.847;;Dennis Andersen;;LMP2;;High Class Racing;ORECA;GF;
20;1;4;1:36.607;0;;22.523;0;36.518;0;37.566;0;203.9;57:07.858;14:17:07.858;0:22.523;0:36.518;0:37.566;;Dennis Andersen;;LMP2;;High Class Racing;ORECA;GF;
20;1;5;1:36.021;0;;22.458;0;36.273;0;37.290;0;205.1;58:43.879;14:18:43.879;0:22.458;0:36.273;0:37.290;;Dennis Andersen;;LMP2;;High Class Racing;ORECA;GF;
20;1;6;1:39.639;0;;22.532;0;36.373;0;40.734;0;197.7;1:00:23.518;14:20:23.518;0:22.532;0:36.373;0:40.734;;Dennis Andersen;;LMP2;;High Class Racing;ORECA;GF;
20;1;7;1:35.448;2;;22.352;2;35.881;2;37.215;0;206.4;1:01:58.966;14:21:58.966;0:22.352;0:35.881;0:37.215;;Dennis Andersen;;LMP2;;High Class Racing;ORECA;GF;
20;1;8;1:36.971;0;;22.386;0;36.239;0;38.346;0;203.1;1:03:35.937;14:23:35.937;0:22.386;0:36.239;0:38.346;;Dennis Andersen;;LMP2;;High Class Racing;ORECA;GF;
20;1;9;1:35.825;0;;22.406;0;36.260;0;37.159;2;205.6;1:05:11.762;14:25:11.762;0:22.406;0:36.260;0:37.159;;Dennis Andersen;;LMP2;;High Class Racing;ORECA;FF;
21;2;1;2:55.253;0;;1:18.469;0;48.500;0;48.284;0;112.4;2:55.253;13:22:55.253;1:18.469;0:48.500;0:48.284;;Luis Perez Companc;0:00:48.413;GTD;;AF CORSE;Ferrari;GF;
21;2;2;1:50.131;0;;25.430;0;42.246;0;42.455;0;178.9;4:45.384;13:24:45.384;0:25.430;0:42.246;0:42.455;;Luis Perez Companc;;GTD;;AF CORSE;Ferrari;GF;
21;2;3;1:48.829;0;;25.040;0;41.385;0;42.404;0;181.0;6:34.213;13:26:34.213;0:25.040;0:41.385;0:42.404;;Luis Perez Companc;;GTD;;AF CORSE;Ferrari;GF;
21;2;4;1:47.813;0;;24.813;0;40.929;0;42.071;0;182.7;8:22.026;13:28:22.026;0:24.813;0:40.929;0:42.071;;Luis Perez Companc;;GTD;;AF CORSE;Ferrari;GF;
21;2;5;1:47.497;2;;24.808;0;40.814;2;41.875;2;183.2;10:09.523;13:30:09.523;0:24.808;0:40.814;0:41.875;;Luis Perez Companc;;GTD;;AF CORSE;Ferrari;GF;
21;2;6;1:57.631;0;;27.934;0;45.515;0;44.182;0;167.5;12:07.154;13:32:07.154;0:27.934;0:45.515;0:44.182;;Luis Perez Companc;;GTD;;AF CORSE;Ferrari;GF;
21;2;7;1:47.742;0;;24.832;0;40.819;0;42.091;0;182.8;13:54.896;13:33:54.896;0:24.832;0:40.819;0:42.091;;Luis Perez Companc;;GTD;;AF CORSE;Ferrari;GF;
21;2;8;1:47.979;0;;24.752;2;41.001;0;42.226;0;182.4;15:42.875;13:35:42.875;0:24.752;0:41.001;0:42.226;;Luis Perez Companc;;GTD;;AF CORSE;Ferrari;GF;
21;2;9;2:20.627;0;B;29.074;0;48.658;0;1:02.895;0;140.1;18:03.502;13:38:03.502;0:29.074;0:48.658;1:02.895;;Luis Perez Companc;;GTD;;AF CORSE;Ferrari;GF;
23;1;1;2:08.617;0;;36.998;0;46.693;0;44.926;0;153.2;2:08.617;13:22:08.617;0:36.998;0:46.693;0:44.926;;Ross Gunn;0:00:10.776;GTDPRO;;Heart of Racing Team;Aston Martin;GF;
23;1;2;1:50.343;0;;25.415;0;42.177;0;42.751;0;178.5;3:58.960;13:23:58.960;0:25.415;0:42.177;0:42.751;;Ross Gunn;;GTDPRO;;Heart of Racing Team;Aston Martin;GF;
23;1;3;1:48.375;0;;24.990;0;40.006;0;43.379;0;181.8;5:47.335;13:25:47.335;0:24.990;0:40.006;0:43.379;;Ross Gunn;;GTDPRO;;Heart of Racing Team;Aston Martin;GF;
23;1;4;1:45.464;0;;24.748;0;39.639;0;41.077;0;186.8;7:32.799;13:27:32.799;0:24.748;0:39.639;0:41.077;;Ross Gunn;;GTDPRO;;Heart of Racing Team;Aston Martin;GF;
23;1;5;1:47.761;0;;24.601;0;41.268;0;41.892;0;182.8;9:20.560;13:29:20.560;0:24.601;0:41.268;0:41.892;;Ross Gunn;;GTDPRO;;Heart of Racing Team;Aston Martin;GF;
23;1;6;1:44.803;2;;24.471;2;39.326;2;41.006;2;188.0;11:05.363;13:31:05.363;0:24.471;0:39.326;0:41.006;;Ross Gunn;;GTDPRO;;Heart of Racing Team;Aston Martin;GF;
23;1;7;1:47.509;0;;24.566;0;39.460;0;43.483;0;183.2;12:52.872;13:32:52.872;0:24.566;0:39.460;0:43.483;;Ross Gunn;;GTDPRO;;Heart of Racing Team;Aston Martin;GF;
23;1;8;2:07.314;0;B;24.562;0;42.334;0;1:00.418;0;154.7;15:00.186;13:35:00.186;0:24.562;0:42.334;1:00.418;;Ross Gunn;;GTDPRO;;Heart of Racing Team;Aston Martin;GF;
25;1;1;7:08.677;0;;5:37.086;0;46.904;0;44.687;0;46.0;7:08.677;13:27:08.677;5:37.086;0:46.904;0:44.687;;Connor De Phillippi;0:05:13.354;GTDPRO;;BMW M Team RLL;BMW;GF;
25;1;2;1:47.619;0;;24.922;0;41.688;0;41.009;0;183.0;8:56.296;13:28:56.296;0:24.922;0:41.688;0:41.009;;Connor De Phillippi;;GTDPRO;;BMW M Team RLL;BMW;GF;
25;1;3;1:44.755;2;;24.483;2;39.409;2;40.863;2;188.0;10:41.051;13:30:41.051;0:24.483;0:39.409;0:40.863;;Connor De Phillippi;;GTDPRO;;BMW M Team RLL;BMW;GF;
25;1;4;1:49.381;0;;24.663;0;42.377;0;42.341;0;180.1;12:30.432;13:32:30.432;0:24.663;0:42.377;0:42.341;;Connor De Phillippi;;GTDPRO;;BMW M Team RLL;BMW;GF;
25;1;5;2:01.206;0;B;24.638;0;41.291;0;55.277;0;162.5;14:31.638;13:34:31.638;0:24.638;0:41.291;0:55.277;;Connor De Phillippi;;GTDPRO;;BMW M Team RLL;BMW;GF;
27;3;1;2:10.273;0;;38.524;0;46.281;0;45.468;0;151.2;2:10.273;13:22:10.273;0:38.524;0:46.281;0:45.468;;Ian James;0:00:11.963;GTD;;Heart of Racing Team;Aston Martin;GF;
27;3;2;1:50.502;0;;25.585;0;42.052;0;42.865;0;178.3;4:00.775;13:24:00.775;0:25.585;0:42.052;0:42.865;;Ian James;;GTD;;Heart of Racing Team;Aston Martin;GF;
27;3;3;1:48.176;0;;24.818;0;40.655;0;42.703;0;182.1;5:48.951;13:25:48.951;0:24.818;0:40.655;0:42.703;;Ian James;;GTD;;Heart of Racing Team;Aston Martin;GF;
27;3;4;1:46.636;0;;24.865;0;40.357;0;41.414;2;184.7;7:35.587;13:27:35.587;0:24.865;0:40.357;0:41.414;;Ian James;;GTD;;Heart of Racing Team;Aston Martin;GF;
27;3;5;1:46.412;0;;24.516;0;40.104;0;41.792;0;185.1;9:21.999;13:29:21.999;0:24.516;0:40.104;0:41.792;;Ian James;;GTD;;Heart of Racing Team;Aston Martin;GF;
27;3;6;1:46.309;2;;24.577;2;40.289;2;41.443;0;185.3;11:08.308;13:31:08.308;0:24.577;0:40.289;0:41.443;;Ian James;;GTD;;Heart of Racing Team;Aston Martin;GF;
27;3;7;1:46.714;0;;24.686;0;40.345;0;41.683;0;184.6;12:55.022;13:32:55.022;0:24.686;0:40.345;0:41.683;;Ian James;;GTD;;Heart of Racing Team;Aston Martin;GF;
27;3;8;1:48.364;0;;24.718;0;40.795;0;42.851;0;181.8;14:43.386;13:34:43.386;0:24.718;0:40.795;0:42.851;;Ian James;;GTD;;Heart of Racing Team;Aston Martin;GF;
27;3;9;2:05.108;0;B;24.745;0;40.387;0;59.976;0;157.5;16:48.494;13:36:48.494;0:24.745;0:40.387;0:59.976;;Ian James;;GTD;;Heart of Racing Team;Aston Martin;GF;
29;1;1;52:18.067;0;;50:45.048;0;44.440;0;48.579;0;6.3;52:18.067;14:12:18.067;50:45.048;0:44.440;0:48.579;;Frits Van Eerd;0:50:20.073;LMP2;;Racing Team Nederland;ORECA;GF;
29;1;2;1:41.369;0;;24.828;0;38.004;0;38.537;0;194.3;53:59.436;14:13:59.436;0:24.828;0:38.004;0:38.537;;Frits Van Eerd;;LMP2;;Racing Team Nederland;ORECA;GF;
29;1;3;1:37.696;0;;22.800;0;36.938;0;37.958;0;201.6;55:37.132;14:15:37.132;0:22.800;0:36.938;0:37.958;;Frits Van Eerd;;LMP2;;Racing Team Nederland;ORECA;GF;
29;1;4;1:36.841;0;;22.558;0;36.477;0;37.806;0;203.4;57:13.973;14:17:13.973;0:22.558;0:36.477;0:37.806;;Frits Van Eerd;;LMP2;;Racing Team Nederland;ORECA;GF;
29;1;5;1:36.388;0;;22.410;0;36.366;0;37.612;0;204.4;58:50.361;14:18:50.361;0:22.410;0:36.366;0:37.612;;Frits Van Eerd;;LMP2;;Racing Team Nederland;ORECA;GF;
29;1;6;1:36.001;0;;22.478;0;36.007;0;37.516;0;205.2;1:00:26.362;14:20:26.362;0:22.478;0:36.007;0:37.516;;Frits Van Eerd;;LMP2;;Racing Team Nederland;ORECA;GF;
29;1;7;1:35.778;2;;22.357;2;36.003;2;37.418;2;205.7;1:02:02.140;14:22:02.140;0:22.357;0:36.003;0:37.418;;Frits Van Eerd;;LMP2;;Racing Team Nederland;ORECA;GF;
29;1;8;1:36.255;0;;22.474;0;36.346;0;37.435;0;204.6;1:03:38.395;14:23:38.395;0:22.474;0:36.346;0:37.435;;Frits Van Eerd;;LMP2;;Racing Team Nederland;ORECA;GF;
29;1;9;1:36.681;0;;22.433;0;36.264;0;37.984;0;203.7;1:05:15.076;14:25:15.076;0:22.433;0:36.264;0:37.984;;Frits Van Eerd;;LMP2;;Racing Team Nederland;ORECA;FF;
3;2;1;2:05.430;0;;34.543;0;45.682;0;45.205;0;157.0;2:05.430;13:22:05.430;0:34.543;0:45.682;0:45.205;;Jordan Taylor;0:00:08.177;GTDPRO;;Corvette Racing;Chevrolet;GF;
3;2;2;1:49.928;0;;25.599;0;42.093;0;42.236;0;179.2;3:55.358;13:23:55.358;0:25.599;0:42.093;0:42.236;;Jordan Taylor;;GTDPRO;;Corvette Racing;Chevrolet;GF;
3;2;3;1:49.034;0;;25.010;0;40.217;0;43.807;0;180.7;5:44.392;13:25:44.392;0:25.010;0:40.217;0:43.807;;Jordan Taylor;;GTDPRO;;Corvette Racing;Chevrolet;GF;
3;2;4;1:46.549;0;;24.835;0;39.964;0;41.750;0;184.9;7:30.941;13:27:30.941;0:24.835;0:39.964;0:41.750;;Jordan Taylor;;GTDPRO;;Corvette Racing;Chevrolet;GF;
3;2;5;1:46.259;2;;24.878;0;39.877;2;41.504;2;185.4;9:17.200;13:29:17.200;0:24.878;0:39.877;0:41.504;;Jordan Taylor;;GTDPRO;;Corvette Racing;Chevrolet;GF;
3;2;6;1:46.291;0;;24.798;2;39.911;0;41.582;0;185.3;11:03.491;13:31:03.491;0:24.798;0:39.911;0:41.582;;Jordan Taylor;;GTDPRO;;Corvette Racing;Chevrolet;GF;
3;2;7;2:06.953;0;B;24.828;0;41.841;0;1:00.284;0;155.2;13:10.444;13:33:10.444;0:24.828;0:41.841;1:00.284;;Jordan Taylor;;GTDPRO;;Corvette Racing;Chevrolet;GF;
30;1;1;27:07.285;0;;25:43.733;0;42.107;0;41.445;0;12.1;27:07.285;13:47:07.285;25:43.733;0:42.107;0:41.445;;Ari Balogh;0:25:18.692;LMP3;;Jr III Racing;Ligier;GF;
30;1;2;1:44.118;0;;24.601;0;39.214;0;40.303;0;189.2;28:51.403;13:48:51.403;0:24.601;0:39.214;0:40.303;;Ari Balogh;;LMP3;;Jr III Racing;Ligier;GF;
30;1;3;1:42.496;0;;24.284;0;38.397;2;39.815;0;192.2;30:33.899;13:50:33.899;0:24.284;0:38.397;0:39.815;;Ari Balogh;;LMP3;;Jr III Racing;Ligier;GF;
30;1;4;1:42.392;2;;24.235;0;38.420;0;39.737;2;192.4;32:16.291;13:52:16.291;0:24.235;0:38.420;0:39.737;;Ari Balogh;;LMP3;;Jr III Racing;Ligier;GF;
30;1;5;1:42.614;0;;24.167;2;38.479;0;39.968;0;192.0;33:58.905;13:53:58.905;0:24.167;0:38.479;0:39.968;;Ari Balogh;;LMP3;;Jr III Racing;Ligier;GF;
30;1;6;6:23.658;0;B;24.606;0;42.066;0;5:16.986;0;51.3;40:22.563;14:00:22.563;0:24.606;0:42.066;5:16.986;;Ari Balogh;;LMP3;;Jr III Racing;Ligier;RF;
31;1;1;52:02.005;0;;50:37.412;0;42.156;0;42.437;0;6.3;52:02.005;14:12:02.005;50:37.412;0:42.156;0:42.437;;Olivier Pla;0:50:11.667;DPi;;Whelen Engineering Racing;Cadillac;GF;
31;1;2;1:35.838;0;;21.726;0;35.840;0;38.272;0;205.5;53:37.843;14:13:37.843;0:21.726;0:35.840;0:38.272;;Olivier Pla;;DPi;;Whelen Engineering Racing;Cadillac;GF;
31;1;3;1:30.666;0;;21.659;0;33.754;0;35.253;2;217.3;55:08.509;14:15:08.509;0:21.659;0:33.754;0:35.253;;Olivier Pla;;DPi;;Whelen Engineering Racing;Cadillac;GF;
31;1;4;1:30.544;0;;21.483;0;33.736;2;35.325;0;217.6;56:39.053;14:16:39.053;0:21.483;0:33.736;0:35.325;;Olivier Pla;;DPi;;Whelen Engineering Racing;Cadillac;GF;
31;1;5;1:36.042;0;;21.420;0;33.780;0;40.842;0;205.1;58:15.095;14:18:15.095;0:21.420;0:33.780;0:40.842;;Olivier Pla;;DPi;;Whelen Engineering Racing;Cadillac;GF;
31;1;6;1:44.008;0;;21.480;0;42.063;0;40.465;0;189.4;59:59.103;14:19:59.103;0:21.480;0:42.063;0:40.465;;Olivier Pla;;DPi;;Whelen Engineering Racing;Cadillac;GF;
31;1;7;1:30.500;2;;21.386;2;33.759;0;35.355;0;217.7;1:01:29.603;14:21:29.603;0:21.386;0:33.759;0:35.355;;Olivier Pla;;DPi;;Whelen Engineering Racing;Cadillac;GF;
31;1;8;1:58.945;0;B;21.930;0;39.809;0;57.206;0;165.6;1:03:28.548;14:23:28.548;0:21.930;0:39.809;0:57.206;;Olivier Pla;;DPi;;Whelen Engineering Racing;Cadillac;GF;
32;2;1;2:42.768;0;;1:08.926;0;47.600;0;46.242;0;121.0;2:42.768;13:22:42.768;1:08.926;0:47.600;0:46.242;;Stevan McAleer;0:00:40.956;GTD;;Team Korthoff Motorsports;Mercedes-AMG;GF;
32;2;2;1:53.253;0;;25.002;0;40.206;0;48.045;0;173.9;4:36.021;13:24:36.021;0:25.002;0:40.206;0:48.045;;Stevan McAleer;;GTD;;Team Korthoff Motorsports;Mercedes-AMG;GF;
32;2;3;1:45.893;0;;24.715;0;39.918;0;41.260;0;186.0;6:21.914;13:26:21.914;0:24.715;0:39.918;0:41.260;;Stevan McAleer;;GTD;;Team Korthoff Motorsports;Mercedes-AMG;GF;
32;2;4;1:50.616;0;;24.936;0;43.618;0;42.062;0;178.1;8:12.530;13:28:12.530;0:24.936;0:43.618;0:42.062;;Stevan McAleer;;GTD;;Team Korthoff Motorsports;Mercedes-AMG;GF;
32;2;5;1:45.314;0;;24.698;0;39.661;0;40.955;2;187.0;9:57.844;13:29:57.844;0:24.698;0:39.661;0:40.955;;Stevan McAleer;;GTD;;Team Korthoff Motorsports;Mercedes-AMG;GF;
32;2;6;1:45.077;2;;24.523;2;39.448;2;41.106;0;187.5;11:42.921;13:31:42.921;0:24.523;0:39.448;0:41.106;;Stevan McAleer;;GTD;;Team Korthoff Motorsports;Mercedes-AMG;GF;
32;2;7;1:53.392;0;;24.645;0;43.602;0;45.145;0;173.7;13:36.313;13:33:36.313;0:24.645;0:43.602;0:45.145;;Stevan McAleer;;GTD;;Team Korthoff Motorsports;Mercedes-AMG;GF;
32;2;8;2:06.132;0;B;24.648;0;41.587;0;59.897;0;156.2;15:42.445;13:35:42.445;0:24.648;0:41.587;0:59.897;;Stevan McAleer;;GTD;;Team Korthoff Motorsports;Mercedes-AMG;GF;
33;3;1;27:35.819;0;B;25:49.573;0;41.758;0;1:04.488;0;11.9;27:35.819;13:47:35.819;25:49.573;0:41.758;1:04.488;;Lance Willsey;0:25:23.158;LMP3;;Sean Creech Motorsport;Ligier;GF;
33;3;2;1:58.076;0;;37.495;0;39.853;0;40.728;0;166.8;29:33.895;13:49:33.895;0:37.495;0:39.853;0:40.728;;Lance Willsey;0:00:38.035;LMP3;;Sean Creech Motorsport;Ligier;GF;
33;3;3;1:43.425;0;;24.289;0;38.862;0;40.274;0;190.5;31:17.320;13:51:17.320;0:24.289;0:38.862;0:40.274;;Lance Willsey;;LMP3;;Sean Creech Motorsport;Ligier;GF;
33;3;4;1:43.275;0;;24.172;0;38.754;0;40.349;0;190.7;33:00.595;13:53:00.595;0:24.172;0:38.754;0:40.349;;Lance Willsey;;LMP3;;Sean Creech Motorsport;Ligier;GF;
33;3;5;1:42.930;0;;24.001;0;38.634;0;40.295;0;191.4;34:43.525;13:54:43.525;0:24.001;0:38.634;0:40.295;;Lance Willsey;;LMP3;;Sean Creech Motorsport;Ligier;GF;
33;3;6;5:58.139;0;B;24.143;0;41.127;0;4:52.869;0;55.0;40:41.664;14:00:41.664;0:24.143;0:41.127;4:52.869;;Lance Willsey;;LMP3;;Sean Creech Motorsport;Ligier;RF;
36;1;1;28:27.832;0;;27:07.480;0;40.907;0;39.445;2;11.5;28:27.832;13:48:27.832;27:07.480;0:40.907;0:39.445;;Jarett Andretti;0:26:42.784;LMP3;;Andretti Autosport;Ligier;GF;
36;1;2;1:40.915;0;;24.250;0;37.766;0;38.899;0;195.2;30:08.747;13:50:08.747;0:24.250;0:37.766;0:38.899;;Jarett Andretti;;LMP3;;Andretti Autosport;Ligier;GF;
36;1;3;1:41.360;2;;23.822;2;37.912;2;39.626;0;194.3;31:50.107;13:51:50.107;0:23.822;0:37.912;0:39.626;;Jarett Andretti;;LMP3;;Andretti Autosport;Ligier;GF;
36;1;4;1:41.341;0;;23.953;0;37.632;0;39.756;0;194.4;33:31.448;13:53:31.448;0:23.953;0:37.632;0:39.756;;Jarett Andretti;;LMP3;;Andretti Autosport;Ligier;GF;
38;1;1;27:13.782;0;;25:49.886;0;42.537;0;41.359;0;12.1;27:13.782;13:47:13.782;25:49.886;0:42.537;0:41.359;;Dan Goldburg;0:25:24.046;LMP3;;Performance Tech Motorsports;Ligier;GF;
38;1;2;1:42.272;0;;24.175;0;38.610;0;39.487;0;192.6;28:56.054;13:48:56.054;0:24.175;0:38.610;0:39.487;;Dan Goldburg;;LMP3;;Performance Tech Motorsports;Ligier;GF;
38;1;3;1:42.238;0;;24.198;0;38.618;0;39.422;2;192.7;30:38.292;13:50:38.292;0:24.198;0:38.618;0:39.422;;Dan Goldburg;;LMP3;;Performance Tech Motorsports;Ligier;GF;
38;1;4;1:41.676;0;;23.989;0;38.152;0;39.535;0;193.7;32:19.968;13:52:19.968;0:23.989;0:38.152;0:39.535;;Dan Goldburg;;LMP3;;Performance Tech Motorsports;Ligier;GF;
38;1;5;1:41.471;2;;23.976;2;37.959;2;39.536;0;194.1;34:01.439;13:54:01.439;0:23.976;0:37.959;0:39.536;;Dan Goldburg;;LMP3;;Performance Tech Motorsports;Ligier;GF;
38;1;6;6:27.509;0;B;24.030;0;38.530;0;5:24.949;0;50.8;40:28.948;14:00:28.948;0:24.030;0:38.530;5:24.949;;Dan Goldburg;;LMP3;;Performance Tech Motorsports;Ligier;RF;
39;1;1;2:13.616;0;;43.077;0;45.050;0;45.489;0;147.4;2:13.616;13:22:13.616;0:43.077;0:45.050;0:45.489;;Robert Megennis;0:00:17.469;GTD;;CarBahn with Peregrine Racing;Lamborghini;GF;
39;1;2;1:48.731;0;;25.353;0;41.092;0;42.286;0;181.2;4:02.347;13:24:02.347;0:25.353;0:41.092;0:42.286;;Robert Megennis;;GTD;;CarBahn with Peregrine Racing;Lamborghini;GF;
39;1;3;1:48.266;0;;25.084;0;40.502;0;42.680;0;181.9;5:50.613;13:25:50.613;0:25.084;0:40.502;0:42.680;;Robert Megennis;;GTD;;CarBahn with Peregrine Racing;Lamborghini;GF;
39;1;4;1:46.264;2;;24.793;0;40.118;0;41.353;2;185.4;7:36.877;13:27:36.877;0:24.793;0:40.118;0:41.353;;Robert Megennis;;GTD;;CarBahn with Peregrine Racing;Lamborghini;GF;
39;1;5;1:47.214;0;;24.630;2;40.094;0;42.490;0;183.7;9:24.091;13:29:24.091;0:24.630;0:40.094;0:42.490;;Robert Megennis;;GTD;;CarBahn with Peregrine Racing;Lamborghini;GF;
39;1;6;1:46.491;0;;24.736;0;40.031;0;41.724;0;185.0;11:10.582;13:31:10.582;0:24.736;0:40.031;0:41.724;;Robert Megennis;;GTD;;CarBahn with Peregrine Racing;Lamborghini;GF;
39;1;7;1:47.187;0;;24.726;0;39.967;2;42.494;0;183.8;12:57.769;13:32:57.769;0:24.726;0:39.967;0:42.494;;Robert Megennis;;GTD;;CarBahn with Peregrine Racing;Lamborghini;GF;
39;1;8;2:07.275;0;B;25.790;0;42.359;0;59.126;0;154.8;15:05.044;13:35:05.044;0:25.790;0:42.359;0:59.126;;Robert Megennis;;GTD;;CarBahn with Peregrine Racing;Lamborghini;GF;
40;1;1;27:36.520;0;;25:57.218;0;51.703;0;47.599;0;11.9;27:36.520;13:47:36.520;25:57.218;0:51.703;0:47.599;;Nico Varrone;0:25:33.662;LMP3;;FastMD Racing;Duqueine;GF;
40;1;2;1:42.103;0;;24.119;0;38.426;0;39.558;0;192.9;29:18.623;13:49:18.623;0:24.119;0:38.426;0:39.558;;Nico Varrone;;LMP3;;FastMD Racing;Duqueine;GF;
40;1;3;1:40.856;0;;23.936;0;37.772;0;39.148;0;195.3;30:59.479;13:50:59.479;0:23.936;0:37.772;0:39.148;;Nico Varrone;;LMP3;;FastMD Racing;Duqueine;GF;
40;1;4;1:40.028;2;;23.685;0;37.537;2;38.806;2;196.9;32:39.507;13:52:39.507;0:23.685;0:37.537;0:38.806;;Nico Varrone;;LMP3;;FastMD Racing;Duqueine;GF;
40;1;5;1:51.880;0;;23.552;2;40.904;0;47.424;0;176.1;34:31.387;13:54:31.387;0:23.552;0:40.904;0:47.424;;Nico Varrone;;LMP3;;FastMD Racing;Duqueine;GF;
40;1;6;5:48.571;0;B;23.744;0;37.594;0;4:47.233;0;56.5;40:19.958;14:00:19.958;0:23.744;0:37.594;4:47.233;;Nico Varrone;;LMP3;;FastMD Racing;Duqueine;RF;
42;2;1;2:19.291;0;;51.394;0;44.465;0;43.432;0;141.4;2:19.291;13:22:19.291;0:51.394;0:44.465;0:43.432;;Jaden Conwright;0:00:25.869;GTD;;NTE/SSR;Lamborghini;GF;
42;2;2;1:49.588;0;;25.290;0;42.140;0;42.158;0;179.7;4:08.879;13:24:08.879;0:25.290;0:42.140;0:42.158;;Jaden Conwright;;GTD;;NTE/SSR;Lamborghini;GF;
42;2;3;1:50.402;0;;24.802;0;40.731;0;44.869;0;178.4;5:59.281;13:25:59.281;0:24.802;0:40.731;0:44.869;;Jaden Conwright;;GTD;;NTE/SSR;Lamborghini;GF;
42;2;4;1:46.705;0;;24.651;0;39.904;2;42.150;0;184.6;7:45.986;13:27:45.986;0:24.651;0:39.904;0:42.150;;Jaden Conwright;;GTD;;NTE/SSR;Lamborghini;GF;
42;2;5;1:50.186;0;;26.530;0;42.217;0;41.439;0;178.8;9:36.172;13:29:36.172;0:26.530;0:42.217;0:41.439;;Jaden Conwright;;GTD;;NTE/SSR;Lamborghini;GF;
42;2;6;1:45.756;2;;24.596;2;39.911;0;41.249;2;186.3;11:21.928;13:31:21.928;0:24.596;0:39.911;0:41.249;;Jaden Conwright;;GTD;;NTE/SSR;Lamborghini;GF;
42;2;7;1:46.666;0;;24.633;0;40.119;0;41.914;0;184.7;13:08.594;13:33:08.594;0:24.633;0:40.119;0:41.914;;Jaden Conwright;;GTD;;NTE/SSR;Lamborghini;GF;
42;2;8;2:05.779;0;B;25.789;0;42.715;0;57.275;0;156.6;15:14.373;13:35:14.373;0:25.789;0:42.715;0:57.275;;Jaden Conwright;;GTD;;NTE/SSR;Lamborghini;GF;
44;1;1;2:48.103;0;;1:12.954;0;49.572;0;45.577;0;117.2;2:48.103;13:22:48.103;1:12.954;0:49.572;0:45.577;;John Potter;0:00:46.363;GTD;;Magnus Racing;Aston Martin;GF;
44;1;2;1:53.199;0;;25.893;0;43.686;0;43.620;0;174.0;4:41.302;13:24:41.302;0:25.893;0:43.686;0:43.620;;John Potter;;GTD;;Magnus Racing;Aston Martin;GF;
44;1;3;1:49.132;0;;25.204;0;41.351;0;42.577;0;180.5;6:30.434;13:26:30.434;0:25.204;0:41.351;0:42.577;;John Potter;;GTD;;Magnus Racing;Aston Martin;GF;
44;1;4;1:48.382;0;;25.084;0;40.999;0;42.299;0;181.7;8:18.816;13:28:18.816;0:25.084;0:40.999;0:42.299;;John Potter;;GTD;;Magnus Racing;Aston Martin;GF;
44;1;5;1:48.047;0;;24.961;0;40.843;0;42.243;0;182.3;10:06.863;13:30:06.863;0:24.961;0:40.843;0:42.243;;John Potter;;GTD;;Magnus Racing;Aston Martin;GF;
44;1;6;1:47.568;0;;24.900;2;40.582;2;42.086;0;183.1;11:54.431;13:31:54.431;0:24.900;0:40.582;0:42.086;;John Potter;;GTD;;Magnus Racing;Aston Martin;GF;
44;1;7;1:47.466;2;;24.933;0;40.582;0;41.951;2;183.3;13:41.897;13:33:41.897;0:24.933;0:40.582;0:41.951;;John Potter;;GTD;;Magnus Racing;Aston Martin;GF;
44;1;8;2:18.815;0;B;25.054;0;49.452;0;1:04.309;0;141.9;16:00.712;13:36:00.712;0:25.054;0:49.452;1:04.309;;John Potter;;GTD;;Magnus Racing;Aston Martin;GF;
47;2;1;3:40.473;0;;2:09.042;0;48.612;0;42.819;0;89.3;3:40.473;13:23:40.473;2:09.042;0:48.612;0:42.819;;Giorgio Sernagiotto;0:01:40.482;GTD;;Cetilar Racing;Ferrari;GF;
47;2;2;1:49.050;0;;25.446;0;41.748;0;41.856;0;180.6;5:29.523;13:25:29.523;0:25.446;0:41.748;0:41.856;;Giorgio Sernagiotto;;GTD;;Cetilar Racing;Ferrari;GF;
47;2;3;1:46.015;0;;24.839;0;39.819;2;41.357;0;185.8;7:15.538;13:27:15.538;0:24.839;0:39.819;0:41.357;;Giorgio Sernagiotto;;GTD;;Cetilar Racing;Ferrari;GF;
47;2;4;1:46.559;0;;24.709;0;39.821;0;42.029;0;184.9;9:02.097;13:29:02.097;0:24.709;0:39.821;0:42.029;;Giorgio Sernagiotto;;GTD;;Cetilar Racing;Ferrari;GF;
47;2;5;1:45.916;2;;24.824;0;39.834;0;41.258;2;186.0;10:48.013;13:30:48.013;0:24.824;0:39.834;0:41.258;;Giorgio Sernagiotto;;GTD;;Cetilar Racing;Ferrari;GF;
47;2;6;1:53.985;0;;24.832;0;45.010;0;44.143;0;172.8;12:41.998;13:32:41.998;0:24.832;0:45.010;0:44.143;;Giorgio Sernagiotto;;GTD;;Cetilar Racing;Ferrari;GF;
47;2;7;1:49.188;0;;25.171;0;41.855;0;42.162;0;180.4;14:31.186;13:34:31.186;0:25.171;0:41.855;0:42.162;;Giorgio Sernagiotto;;GTD;;Cetilar Racing;Ferrari;GF;
47;2;8;1:46.217;0;;24.607;2;40.044;0;41.566;0;185.5;16:17.403;13:36:17.403;0:24.607;0:40.044;0:41.566;;Giorgio Sernagiotto;;GTD;;Cetilar Racing;Ferrari;GF;
47;2;9;2:11.697;0;B;26.057;0;42.736;0;1:02.904;0;149.6;18:29.100;13:38:29.100;0:26.057;0:42.736;1:02.904;;Giorgio Sernagiotto;;GTD;;Cetilar Racing;Ferrari;GF;
48;2;1;56:08.760;0;;54:47.409;0;41.475;2;39.876;2;5.8;56:08.760;14:16:08.760;54:47.409;0:41.475;0:39.876;;Kamui Kobayashi;0:54:23.888;DPi;;Ally Cadillac;Cadillac;GF;
48;2;2;2:17.096;2;;27.600;0;49.816;0;59.680;0;143.7;58:25.856;14:18:25.856;0:27.600;0:49.816;0:59.680;;Kamui Kobayashi;;DPi;;Ally Cadillac;Cadillac;GF;
48;2;3;2:05.346;0;B;23.746;2;44.119;0;57.481;0;157.2;1:00:31.202;14:20:31.202;0:23.746;0:44.119;0:57.481;;Kamui Kobayashi;;DPi;;Ally Cadillac;Cadillac;GF;
5;1;1;51:56.539;0;;50:35.097;0;39.815;0;41.627;0;6.3;51:56.539;14:11:56.539;50:35.097;0:39.815;0:41.627;;Tristan Vautier;0:50:12.605;DPi;;JDC Miller MotorSports;Cadillac;GF;
5;1;2;1:37.540;0;;21.721;0;36.789;0;39.030;0;202.0;53:34.079;14:13:34.079;0:21.721;0:36.789;0:39.030;;Tristan Vautier;;DPi;;JDC Miller MotorSports;Cadillac;GF;
5;1;3;1:31.456;0;;21.545;0;34.289;0;35.622;0;215.4;55:05.535;14:15:05.535;0:21.545;0:34.289;0:35.622;;Tristan Vautier;;DPi;;JDC Miller MotorSports;Cadillac;GF;
5;1;4;1:31.059;2;;21.537;0;33.997;2;35.525;2;216.3;56:36.594;14:16:36.594;0:21.537;0:33.997;0:35.525;;Tristan Vautier;;DPi;;JDC Miller MotorSports;Cadillac;GF;
5;1;5;1:31.371;0;;21.462;2;34.019;0;35.890;0;215.6;58:07.965;14:18:07.965;0:21.462;0:34.019;0:35.890;;Tristan Vautier;;DPi;;JDC Miller MotorSports;Cadillac;GF;
5;1;6;1:36.942;0;;23.627;0;37.334;0;35.981;0;203.2;59:44.907;14:19:44.907;0:23.627;0:37.334;0:35.981;;Tristan Vautier;;DPi;;JDC Miller MotorSports;Cadillac;GF;
5;1;7;1:52.334;0;B;21.490;0;35.426;0;55.418;0;175.4;1:01:37.241;14:21:37.241;0:21.490;0:35.426;0:55.418;;Tristan Vautier;;DPi;;JDC Miller MotorSports;Cadillac;GF;
52;1;1;52:06.148;0;;50:38.461;0;44.183;0;43.504;0;6.3;52:06.148;14:12:06.148;50:38.461;0:44.183;0:43.504;;Ben Keating;0:50:13.421;LMP2;;PR1 Mathiasen Motorsports;ORECA;GF;
52;1;2;1:37.361;0;;22.798;0;37.353;0;37.210;0;202.3;53:43.509;14:13:43.509;0:22.798;0:37.353;0:37.210;;Ben Keating;;LMP2;;PR1 Mathiasen Motorsports;ORECA;GF;
52;1;3;1:34.770;0;;22.139;0;35.648;0;36.983;0;207.9;55:18.279;14:15:18.279;0:22.139;0:35.648;0:36.983;;Ben Keating;;LMP2;;PR1 Mathiasen Motorsports;ORECA;GF;
52;1;4;1:35.033;0;;22.267;0;35.592;0;37.174;0;207.3;56:53.312;14:16:53.312;0:22.267;0:35.592;0:37.174;;Ben Keating;;LMP2;;PR1 Mathiasen Motorsports;ORECA;GF;
52;1;5;1:34.467;0;;22.248;0;35.442;0;36.777;0;208.5;58:27.779;14:18:27.779;0:22.248;0:35.442;0:36.777;;Ben Keating;;LMP2;;PR1 Mathiasen Motorsports;ORECA;GF;
52;1;6;1:34.323;0;;22.089;0;35.525;0;36.709;0;208.8;1:00:02.102;14:20:02.102;0:22.089;0:35.525;0:36.709;;Ben Keating;;LMP2;;PR1 Mathiasen Motorsports;ORECA;GF;
52;1;7;1:33.930;2;;22.016;2;35.237;2;36.677;2;209.7;1:01:36.032;14:21:36.032;0:22.016;0:35.237;0:36.677;;Ben Keating;;LMP2;;PR1 Mathiasen Motorsports;ORECA;GF;
52;1;8;1:43.492;0;;22.364;0;40.557;0;40.571;0;190.3;1:03:19.524;14:23:19.524;0:22.364;0:40.557;0:40.571;;Ben Keating;;LMP2;;PR1 Mathiasen Motorsports;ORECA;GF;
52;1;9;1:55.354;0;B;22.364;0;35.614;0;57.376;0;170.8;1:05:14.878;14:25:14.878;0:22.364;0:35.614;0:57.376;;Ben Keating;;LMP2;;PR1 Mathiasen Motorsports;ORECA;FF;
54;1;1;27:42.262;0;;25:52.372;0;59.329;0;50.561;0;11.9;27:42.262;13:47:42.262;25:52.372;0:59.329;0:50.561;;Jon Bennett;0:25:22.384;LMP3;;CORE Autosport;Ligier;GF;
54;1;2;1:48.884;0;;26.978;0;41.194;0;40.712;0;180.9;29:31.146;13:49:31.146;0:26.978;0:41.194;0:40.712;;Jon Bennett;;LMP3;;CORE Autosport;Ligier;GF;
54;1;3;1:43.015;0;;24.328;0;39.006;0;39.681;0;191.2;31:14.161;13:51:14.161;0:24.328;0:39.006;0:39.681;;Jon Bennett;;LMP3;;CORE Autosport;Ligier;GF;
54;1;4;1:41.981;0;;24.087;0;38.467;0;39.427;0;193.2;32:56.142;13:52:56.142;0:24.087;0:38.467;0:39.427;;Jon Bennett;;LMP3;;CORE Autosport;Ligier;GF;
54;1;5;1:41.288;2;;23.861;2;38.066;2;39.361;2;194.5;34:37.430;13:54:37.430;0:23.861;0:38.066;0:39.361;;Jon Bennett;;LMP3;;CORE Autosport;Ligier;GF;
54;1;6;5:56.886;0;B;26.235;0;43.996;0;4:46.655;0;55.2;40:34.316;14:00:34.316;0:26.235;0:43.996;4:46.655;;Jon Bennett;;LMP3;;CORE Autosport;Ligier;RF;
57;1;1;2:31.870;0;;59.882;0;47.265;0;44.723;0;129.7;2:31.870;13:22:31.870;0:59.882;0:47.265;0:44.723;;Russell Ward;0:00:34.639;GTD;;Winward Racing;Mercedes-AMG;GF;
57;1;2;1:52.684;0;;25.009;0;40.438;0;47.237;0;174.8;4:24.554;13:24:24.554;0:25.009;0:40.438;0:47.237;;Russell Ward;;GTD;;Winward Racing;Mercedes-AMG;GF;
57;1;3;1:46.865;0;;24.925;0;40.428;0;41.512;0;184.3;6:11.419;13:26:11.419;0:24.925;0:40.428;0:41.512;;Russell Ward;;GTD;;Winward Racing;Mercedes-AMG;GF;
57;1;4;1:46.441;0;;24.667;0;40.148;0;41.626;0;185.1;7:57.860;13:27:57.860;0:24.667;0:40.148;0:41.626;;Russell Ward;;GTD;;Winward Racing;Mercedes-AMG;GF;
57;1;5;1:46.017;0;;24.616;0;39.928;2;41.473;0;185.8;9:43.877;13:29:43.877;0:24.616;0:39.928;0:41.473;;Russell Ward;;GTD;;Winward Racing;Mercedes-AMG;GF;
57;1;6;1:46.329;0;;24.629;0;40.145;0;41.555;0;185.3;11:30.206;13:31:30.206;0:24.629;0:40.145;0:41.555;;Russell Ward;;GTD;;Winward Racing;Mercedes-AMG;GF;
57;1;7;1:54.369;0;;24.669;0;41.114;0;48.586;0;172.2;13:24.575;13:33:24.575;0:24.669;0:41.114;0:48.586;;Russell Ward;;GTD;;Winward Racing;Mercedes-AMG;GF;
57;1;8;1:45.631;2;;24.615;2;39.960;0;41.056;2;186.5;15:10.206;13:35:10.206;0:24.615;0:39.960;0:41.056;;Russell Ward;;GTD;;Winward Racing;Mercedes-AMG;GF;
57;1;9;2:48.044;0;B;27.307;0;1:01.864;0;1:18.873;0;117.2;17:58.250;13:37:58.250;0:27.307;1:01.864;1:18.873;;Russell Ward;;GTD;;Winward Racing;Mercedes-AMG;GF;
58;2;1;27:17.780;0;;25:53.813;0;43.425;0;40.542;0;12.0;27:17.780;13:47:17.780;25:53.813;0:43.425;0:40.542;;Josh Sarchet;0:25:28.742;LMP3;;MLT Motorsports;Ligier;GF;
58;2;2;1:41.585;0;;23.864;0;38.456;0;39.265;0;193.9;28:59.365;13:48:59.365;0:23.864;0:38.456;0:39.265;;Josh Sarchet;;LMP3;;MLT Motorsports;Ligier;GF;
58;2;3;1:40.773;0;;23.753;0;37.939;0;39.081;0;195.5;30:40.138;13:50:40.138;0:23.753;0:37.939;0:39.081;;Josh Sarchet;;LMP3;;MLT Motorsports;Ligier;GF;
58;2;4;1:40.590;2;;23.807;0;37.762;2;39.021;2;195.8;32:20.728;13:52:20.728;0:23.807;0:37.762;0:39.021;;Josh Sarchet;;LMP3;;MLT Motorsports;Ligier;GF;
58;2;5;1:47.400;0;;23.633;0;41.425;0;42.342;0;183.4;34:08.128;13:54:08.128;0:23.633;0:41.425;0:42.342;;Josh Sarchet;;LMP3;;MLT Motorsports;Ligier;GF;
58;2;6;6:17.024;0;B;23.617;2;37.815;0;5:15.592;0;52.2;40:25.152;14:00:25.152;0:23.617;0:37.815;5:15.592;;Josh Sarchet;;LMP3;;MLT Motorsports;Ligier;RF;
59;2;1;3:19.400;0;;1:48.594;0;44.568;0;46.238;0;98.8;3:19.400;13:23:19.400;1:48.594;0:44.568;0:46.238;;Jon Miller;0:01:24.249;GTD;;Crucial Motorsports;McLaren;GF;
59;2;2;1:50.911;0;;25.193;0;40.885;0;44.833;0;177.6;5:10.311;13:25:10.311;0:25.193;0:40.885;0:44.833;;Jon Miller;;GTD;;Crucial Motorsports;McLaren;GF;
59;2;3;1:47.466;0;;24.828;0;40.682;0;41.956;0;183.3;6:57.777;13:26:57.777;0:24.828;0:40.682;0:41.956;;Jon Miller;;GTD;;Crucial Motorsports;McLaren;GF;
59;2;4;1:46.936;2;;24.887;0;40.323;0;41.726;2;184.2;8:44.713;13:28:44.713;0:24.887;0:40.323;0:41.726;;Jon Miller;;GTD;;Crucial Motorsports;McLaren;GF;
59;2;5;1:48.676;0;;24.902;0;41.637;0;42.137;0;181.3;10:33.389;13:30:33.389;0:24.902;0:41.637;0:42.137;;Jon Miller;;GTD;;Crucial Motorsports;McLaren;GF;
59;2;6;5:14.597;0;B;24.815;2;40.153;2;4:09.629;0;62.6;15:47.986;13:35:47.986;0:24.815;0:40.153;4:09.629;;Jon Miller;;GTD;;Crucial Motorsports;McLaren;GF;
6;3;1;27:49.748;0;;26:04.735;0;52.509;0;52.504;0;11.8;27:49.748;13:47:49.748;26:04.735;0:52.509;0:52.504;;Dillon Machavern;0:25:37.375;LMP3;;Muehlner Motorsports America;Duqueine;GF;
6;3;2;1:45.509;0;;25.001;0;40.180;0;40.328;0;186.7;29:35.257;13:49:35.257;0:25.001;0:40.180;0:40.328;;Dillon Machavern;;LMP3;;Muehlner Motorsports America;Duqueine;GF;
6;3;3;1:43.740;0;;24.159;0;39.529;0;40.052;0;189.9;31:18.997;13:51:18.997;0:24.159;0:39.529;0:40.052;;Dillon Machavern;;LMP3;;Muehlner Motorsports America;Duqueine;GF;
6;3;4;1:43.193;2;;24.044;2;39.177;2;39.972;2;190.9;33:02.190;13:53:02.190;0:24.044;0:39.177;0:39.972;;Dillon Machavern;;LMP3;;Muehlner Motorsports America;Duqueine;GF;
6;3;5;1:49.304;0;;24.546;0;43.048;0;41.710;0;180.2;34:51.494;13:54:51.494;0:24.546;0:43.048;0:41.710;;Dillon Machavern;;LMP3;;Muehlner Motorsports America;Duqueine;GF;
6;3;6;5:20.545;0;B;24.302;0;43.076;0;4:13.167;0;61.5;40:12.039;14:00:12.039;0:24.302;0:43.076;4:13.167;;Dillon Machavern;;LMP3;;Muehlner Motorsports America;Duqueine;RF;
60;2;1;56:19.526;0;;55:05.753;0;36.793;0;36.980;0;5.8;56:19.526;14:16:19.526;55:05.753;0:36.793;0:36.980;;Tom Blomqvist;0:54:45.509;DPi;;Meyer Shank Racing W/Curb-Agajanian;Acura;GF;
60;2;2;1:36.690;0;;21.965;0;36.811;0;37.914;0;203.7;57:56.216;14:17:56.216;0:21.965;0:36.811;0:37.914;;Tom Blomqvist;;DPi;;Meyer Shank Racing W/Curb-Agajanian;Acura;GF;
60;2;3;1:29.698;0;;21.310;0;33.524;0;34.864;3;219.6;59:25.914;14:19:25.914;0:21.310;0:33.524;0:34.864;;Tom Blomqvist;;DPi;;Meyer Shank Racing W/Curb-Agajanian;Acura;GF;
60;2;4;1:30.141;0;;21.227;2;33.218;3;35.696;0;218.5;1:00:56.055;14:20:56.055;0:21.227;0:33.218;0:35.696;;Tom Blomqvist;;DPi;;Meyer Shank Racing W/Curb-Agajanian;Acura;GF;
60;2;5;1:29.580;3;;21.351;0;33.316;0;34.913;0;219.9;1:02:25.635;14:22:25.635;0:21.351;0:33.316;0:34.913;;Tom Blomqvist;;DPi;;Meyer Shank Racing W/Curb-Agajanian;Acura;GF;
60;2;6;1:56.539;0;B;23.326;0;39.632;0;53.581;0;169.0;1:04:22.174;14:24:22.174;0:23.326;0:39.632;0:53.581;;Tom Blomqvist;;DPi;;Meyer Shank Racing W/Curb-Agajanian;Acura;GF;
62;2;1;3:45.864;0;;2:16.538;0;43.190;0;46.136;0;87.2;3:45.864;13:23:45.864;2:16.538;0:43.190;0:46.136;;Davide Rigon;0:01:51.000;GTDPRO;;Risi Competizione;Ferrari;GF;
62;2;2;1:47.007;0;;24.918;0;40.355;0;41.734;0;184.1;5:32.871;13:25:32.871;0:24.918;0:40.355;0:41.734;;Davide Rigon;;GTDPRO;;Risi Competizione;Ferrari;GF;
62;2;3;1:45.581;0;;24.720;0;39.678;0;41.183;0;186.6;7:18.452;13:27:18.452;0:24.720;0:39.678;0:41.183;;Davide Rigon;;GTDPRO;;Risi Competizione;Ferrari;GF;
62;2;4;1:45.195;0;;24.768;0;39.568;0;40.859;2;187.3;9:03.647;13:29:03.647;0:24.768;0:39.568;0:40.859;;Davide Rigon;;GTDPRO;;Risi Competizione;Ferrari;GF;
62;2;5;1:57.101;0;;27.199;0;43.755;0;46.147;0;168.2;11:00.748;13:31:00.748;0:27.199;0:43.755;0:46.147;;Davide Rigon;;GTDPRO;;Risi Competizione;Ferrari;GF;
62;2;6;1:45.665;0;;24.696;0;39.497;2;41.472;0;186.4;12:46.413;13:32:46.413;0:24.696;0:39.497;0:41.472;;Davide Rigon;;GTDPRO;;Risi Competizione;Ferrari;GF;
62;2;7;1:53.368;0;;26.874;0;44.035;0;42.459;0;173.8;14:39.781;13:34:39.781;0:26.874;0:44.035;0:42.459;;Davide Rigon;;GTDPRO;;Risi Competizione;Ferrari;GF;
62;2;8;1:45.169;2;;24.650;2;39.600;0;40.919;0;187.3;16:24.950;13:36:24.950;0:24.650;0:39.600;0:40.919;;Davide Rigon;;GTDPRO;;Risi Competizione;Ferrari;GF;
62;2;9;2:24.259;0;B;30.243;0;48.513;0;1:05.503;0;136.5;18:49.209;13:38:49.209;0:30.243;0:48.513;1:05.503;;Davide Rigon;;GTDPRO;;Risi Competizione;Ferrari;GF;
7;1;1;27:43.677;0;;26:01.516;0;51.512;0;50.649;0;11.8;27:43.677;13:47:43.677;26:01.516;0:51.512;0:50.649;;Anthony Mantella;0:25:35.862;LMP3;;Forty7 Motorsports;Duqueine;GF;
7;1;2;1:47.956;0;;27.987;0;39.505;0;40.464;0;182.5;29:31.633;13:49:31.633;0:27.987;0:39.505;0:40.464;;Anthony Mantella;;LMP3;;Forty7 Motorsports;Duqueine;GF;
7;1;3;1:43.458;0;;24.162;0;39.235;0;40.061;0;190.4;31:15.091;13:51:15.091;0:24.162;0:39.235;0:40.061;;Anthony Mantella;;LMP3;;Forty7 Motorsports;Duqueine;GF;
7;1;4;1:42.382;0;;23.935;0;38.432;2;40.015;0;192.4;32:57.473;13:52:57.473;0:23.935;0:38.432;0:40.015;;Anthony Mantella;;LMP3;;Forty7 Motorsports;Duqueine;GF;
7;1;5;1:42.296;2;;23.934;2;38.444;0;39.918;2;192.6;34:39.769;13:54:39.769;0:23.934;0:38.444;0:39.918;;Anthony Mantella;;LMP3;;Forty7 Motorsports;Duqueine;GF;
7;1;6;5:36.488;0;B;24.050;0;39.519;0;4:32.919;0;58.5;40:16.257;14:00:16.257;0:24.050;0:39.519;4:32.919;;Anthony Mantella;;LMP3;;Forty7 Motorsports;Duqueine;RF;
70;3;1;2:25.060;0;;53.526;0;44.999;0;46.535;0;135.8;2:25.060;13:22:25.060;0:53.526;0:44.999;0:46.535;;Brendan Iribe;0:00:27.219;GTD;;inception racing;McLaren;GF;
70;3;2;1:52.466;0;;25.050;0;41.172;0;46.244;0;175.1;4:17.526;13:24:17.526;0:25.050;0:41.172;0:46.244;;Brendan Iribe;;GTD;;inception racing;McLaren;GF;
70;3;3;1:47.804;0;;24.892;0;40.665;0;42.247;0;182.7;6:05.330;13:26:05.330;0:24.892;0:40.665;0:42.247;;Brendan Iribe;;GTD;;inception racing;McLaren;GF;
70;3;4;1:46.827;0;;24.844;2;40.322;0;41.661;0;184.4;7:52.157;13:27:52.157;0:24.844;0:40.322;0:41.661;;Brendan Iribe;;GTD;;inception racing;McLaren;GF;
70;3;5;1:46.821;2;;24.892;0;40.433;0;41.496;2;184.4;9:38.978;13:29:38.978;0:24.892;0:40.433;0:41.496;;Brendan Iribe;;GTD;;inception racing;McLaren;GF;
70;3;6;1:46.898;0;;24.904;0;40.201;2;41.793;0;184.3;11:25.876;13:31:25.876;0:24.904;0:40.201;0:41.793;;Brendan Iribe;;GTD;;inception racing;McLaren;GF;
70;3;7;3:56.146;0;B;24.900;0;40.553;0;2:50.693;0;83.4;15:22.022;13:35:22.022;0:24.900;0:40.553;2:50.693;;Brendan Iribe;;GTD;;inception racing;McLaren;GF;
74;1;1;27:26.666;0;;25:52.946;0;44.105;0;49.615;0;12.0;27:26.666;13:47:26.666;25:52.946;0:44.105;0:49.615;;Gar Robinson;0:25:26.400;LMP3;;Riley Motorsports;Ligier;GF;
74;1;2;1:43.036;0;;24.408;0;38.580;0;40.048;0;191.2;29:09.702;13:49:09.702;0:24.408;0:38.580;0:40.048;;Gar Robinson;;LMP3;;Riley Motorsports;Ligier;GF;
74;1;3;1:41.997;0;;23.938;0;38.358;0;39.701;0;193.1;30:51.699;13:50:51.699;0:23.938;0:38.358;0:39.701;;Gar Robinson;;LMP3;;Riley Motorsports;Ligier;GF;
74;1;4;1:41.481;2;;23.895;2;38.097;2;39.489;2;194.1;32:33.180;13:52:33.180;0:23.895;0:38.097;0:39.489;;Gar Robinson;;LMP3;;Riley Motorsports;Ligier;GF;
74;1;5;2:43.799;0;B;26.536;0;41.232;0;1:36.031;0;120.3;35:16.979;13:55:16.979;0:26.536;0:41.232;1:36.031;;Gar Robinson;;LMP3;;Riley Motorsports;Ligier;GF;
74;1;6;5:01.782;0;B;40.768;0;47.010;0;3:34.004;0;65.3;40:18.761;14:00:18.761;0:40.768;0:47.010;3:34.004;;Gar Robinson;0:01:11.901;LMP3;;Riley Motorsports;Ligier;RF;
79;2;1;2:35.045;0;;1:03.478;0;46.515;0;45.052;0;127.0;2:35.045;13:22:35.045;1:03.478;0:46.515;0:45.052;;Cooper MacNeil;0:00:37.692;GTDPRO;;WeatherTech Racing;Mercedes-AMG;GF;
79;2;2;1:52.672;0;;25.741;0;43.616;0;43.315;0;174.8;4:27.717;13:24:27.717;0:25.741;0:43.616;0:43.315;;Cooper MacNeil;;GTDPRO;;WeatherTech Racing;Mercedes-AMG;GF;
79;2;3;1:47.744;0;;25.043;0;40.741;0;41.960;0;182.8;6:15.461;13:26:15.461;0:25.043;0:40.741;0:41.960;;Cooper MacNeil;;GTDPRO;;WeatherTech Racing;Mercedes-AMG;GF;
79;2;4;1:47.519;0;;24.911;2;40.730;0;41.878;0;183.2;8:02.980;13:28:02.980;0:24.911;0:40.730;0:41.878;;Cooper MacNeil;;GTDPRO;;WeatherTech Racing;Mercedes-AMG;GF;
79;2;5;1:47.158;0;;24.941;0;40.489;0;41.728;0;183.8;9:50.138;13:29:50.138;0:24.941;0:40.489;0:41.728;;Cooper MacNeil;;GTDPRO;;WeatherTech Racing;Mercedes-AMG;GF;
79;2;6;1:46.699;2;;24.985;0;40.259;2;41.455;2;184.6;11:36.837;13:31:36.837;0:24.985;0:40.259;0:41.455;;Cooper MacNeil;;GTDPRO;;WeatherTech Racing;Mercedes-AMG;GF;
79;2;7;2:09.435;0;B;26.623;0;43.970;0;58.842;0;152.2;13:46.272;13:33:46.272;0:26.623;0:43.970;0:58.842;;Cooper MacNeil;;GTDPRO;;WeatherTech Racing;Mercedes-AMG;GF;
8;1;1;52:10.160;0;;50:43.579;0;44.571;0;42.010;0;6.3;52:10.160;14:12:10.160;50:43.579;0:44.571;0:42.010;;John Farano;0:50:17.550;LMP2;;Tower Motorsport;ORECA;GF;
8;1;2;1:42.817;0;;23.310;0;39.255;0;40.252;0;191.6;53:52.977;14:13:52.977;0:23.310;0:39.255;0:40.252;;John Farano;;LMP2;;Tower Motorsport;ORECA;GF;
8;1;3;1:37.033;0;;22.623;0;36.849;0;37.561;0;203.0;55:30.010;14:15:30.010;0:22.623;0:36.849;0:37.561;;John Farano;;LMP2;;Tower Motorsport;ORECA;GF;
8;1;4;1:36.062;0;;22.416;0;36.000;2;37.646;0;205.1;57:06.072;14:17:06.072;0:22.416;0:36.000;0:37.646;;John Farano;;LMP2;;Tower Motorsport;ORECA;GF;
8;1;5;1:35.891;0;;22.224;2;36.365;0;37.302;2;205.4;58:41.963;14:18:41.963;0:22.224;0:36.365;0:37.302;;John Farano;;LMP2;;Tower Motorsport;ORECA;GF;
8;1;6;1:37.757;0;;22.363;0;37.434;0;37.960;0;201.5;1:00:19.720;14:20:19.720;0:22.363;0:37.434;0:37.960;;John Farano;;LMP2;;Tower Motorsport;ORECA;GF;
8;1;7;1:35.838;2;;22.302;0;36.198;0;37.338;0;205.5;1:01:55.558;14:21:55.558;0:22.302;0:36.198;0:37.338;;John Farano;;LMP2;;Tower Motorsport;ORECA;GF;
8;1;8;1:38.091;0;;22.950;0;37.762;0;37.379;0;200.8;1:03:33.649;14:23:33.649;0:22.950;0:37.762;0:37.379;;John Farano;;LMP2;;Tower Motorsport;ORECA;GF;
8;1;9;2:06.789;0;B;22.296;0;37.037;0;1:07.456;0;155.4;1:05:40.438;14:25:40.438;0:22.296;0:37.037;1:07.456;;John Farano;;LMP2;;Tower Motorsport;ORECA;FF;
81;1;1;52:09.863;0;;50:43.222;0;44.458;0;42.183;0;6.3;52:09.863;14:12:09.863;50:43.222;0:44.458;0:42.183;;Henrik Hedman;0:50:15.724;LMP2;;DragonSpeed USA;ORECA;GF;
81;1;2;1:38.598;0;;23.162;0;37.228;0;38.208;0;199.8;53:48.461;14:13:48.461;0:23.162;0:37.228;0:38.208;;Henrik Hedman;;LMP2;;DragonSpeed USA;ORECA;GF;
81;1;3;1:37.414;0;;22.381;0;37.001;0;38.032;0;202.2;55:25.875;14:15:25.875;0:22.381;0:37.001;0:38.032;;Henrik Hedman;;LMP2;;DragonSpeed USA;ORECA;GF;
81;1;4;1:36.755;0;;22.519;0;36.652;0;37.584;0;203.6;57:02.630;14:17:02.630;0:22.519;0:36.652;0:37.584;;Henrik Hedman;;LMP2;;DragonSpeed USA;ORECA;GF;
81;1;5;1:36.578;0;;22.453;0;36.552;0;37.573;0;204.0;58:39.208;14:18:39.208;0:22.453;0:36.552;0:37.573;;Henrik Hedman;;LMP2;;DragonSpeed USA;ORECA;GF;
81;1;6;1:37.972;0;;22.364;0;36.906;0;38.702;0;201.1;1:00:17.180;14:20:17.180;0:22.364;0:36.906;0:38.702;;Henrik Hedman;;LMP2;;DragonSpeed USA;ORECA;GF;
81;1;7;1:36.356;0;;22.366;0;36.505;0;37.485;0;204.4;1:01:53.536;14:21:53.536;0:22.366;0:36.505;0:37.485;;Henrik Hedman;;LMP2;;DragonSpeed USA;ORECA;GF;
81;1;8;1:36.120;2;;22.329;2;36.343;2;37.448;2;204.9;1:03:29.656;14:23:29.656;0:22.329;0:36.343;0:37.448;;Henrik Hedman;;LMP2;;DragonSpeed USA;ORECA;GF;
81;1;9;2:13.611;0;B;23.325;0;40.890;0;1:09.396;0;147.4;1:05:43.267;14:25:43.267;0:23.325;0:40.890;1:09.396;;Henrik Hedman;;LMP2;;DragonSpeed USA;ORECA;FF;
9;2;1;5:39.854;0;;4:04.135;0;50.128;0;45.591;0;58.0;5:39.854;13:25:39.854;4:04.135;0:50.128;0:45.591;;Mathieu Jaminet;0:03:37.445;GTDPRO;;Pfaff Motorsports;Porsche;GF;
9;2;2;1:45.937;0;;24.737;0;39.996;0;41.204;0;185.9;7:25.791;13:27:25.791;0:24.737;0:39.996;0:41.204;;Mathieu Jaminet;;GTDPRO;;Pfaff Motorsports;Porsche;GF;
9;2;3;1:45.548;2;;24.640;2;39.891;2;41.017;2;186.6;9:11.339;13:29:11.339;0:24.640;0:39.891;0:41.017;;Mathieu Jaminet;;GTDPRO;;Pfaff Motorsports;Porsche;GF;
9;2;4;2:01.184;0;B;24.794;0;39.996;0;56.394;0;162.5;11:12.523;13:31:12.523;0:24.794;0:39.996;0:56.394;;Mathieu Jaminet;;GTDPRO;;Pfaff Motorsports;Porsche;GF;
96;2;1;3:06.335;0;;1:25.955;0;51.190;0;49.190;0;105.7;3:06.335;13:23:06.335;1:25.955;0:51.190;0:49.190;;Robby Foley;0:01:00.722;GTD;;Turner Motorsport;BMW;GF;
96;2;2;1:52.684;0;;24.771;0;41.411;0;46.502;0;174.8;4:59.019;13:24:59.019;0:24.771;0:41.411;0:46.502;;Robby Foley;;GTD;;Turner Motorsport;BMW;GF;
96;2;3;1:45.426;2;;24.552;2;39.745;0;41.129;2;186.8;6:44.445;13:26:44.445;0:24.552;0:39.745;0:41.129;;Robby Foley;;GTD;;Turner Motorsport;BMW;GF;
96;2;4;1:45.712;0;;24.578;0;39.715;2;41.419;0;186.3;8:30.157;13:28:30.157;0:24.578;0:39.715;0:41.419;;Robby Foley;;GTD;;Turner Motorsport;BMW;GF;
96;2;5;1:45.753;0;;24.596;0;39.813;0;41.344;0;186.3;10:15.910;13:30:15.910;0:24.596;0:39.813;0:41.344;;Robby Foley;;GTD;;Turner Motorsport;BMW;GF;
96;2;6;1:47.113;0;;24.621;0;40.647;0;41.845;0;183.9;12:03.023;13:32:03.023;0:24.621;0:40.647;0:41.845;;Robby Foley;;GTD;;Turner Motorsport;BMW;GF;
96;2;7;2:03.862;0;B;24.693;0;39.740;0;59.429;0;159.0;14:06.885;13:34:06.885;0:24.693;0:39.740;0:59.429;;Robby Foley;;GTD;;Turner Motorsport;BMW;GF;
